_	 1085475
	 461631
	 277268
	 261386
	 197999
	 167027
	 163366
	 153343
	 149124
	 148476
	 146465
	 141618
	 132200
	 130800
	 118447
	 117492
	 116544
	 116381
	 113621
	 112560
	 111935
	 109435
	 108749
e	 108147
	 105074
	 101417
	 101109
	 100845
	 99837
	 98442
	 97641
	 93517
a	 90730
	 90379
	 88886
	 88803
	 88447
	 87221
	 85298
	 84993
	 84304
o	 83976
S	 83513
	 82495
r	 80792
	 79607
	 78107
	 75950
	 74761
i	 74401
n	 74180
	 69278
t	 68070
	 67055
	 66753
	 66339
s	 63285
	 62793
	 62577
	 62267
	 62027
	 61680
l	 60105
	 59650
	 58810
S	 58762
	 58732
	 57654
	 56748
	 54386
	 54062
_	 53874
_	 53274
	 52172
	 51449
	 49830
	 49784
	 49241
	 48548
	 46968
	 45935
h	 45565
һ	 44674
	 43456
	 43376
	 43300
	 42854
	 42374
	 42139
c	 41211
	 40924
u	 40808
ͬ	 39014
	 38732
	 38424
	 38357
	 38092
	 37978
	 37273
	 36958
	 36619
	 36099
	 35983
	 35630
g	 35158
	 34983
	 33772
	 32248
	 32048
^	 32029
	 31888
	 31584
d	 31479
m	 30539
	 30133
	 28886
	 28667
_	 28539
_	 28382
	 28089
	 27478
	 27379
	 26909
	 26904
	 26615
	 26547
T	 26206
	 26066
	 25806
	 25600
	 25415
p	 25365
	 25274
	 25242
	 25170
-	 25144
W	 24740
C	 24601
y	 24537
	 24447
_	 24357
	 24285
	 24094
	 23877
	 23673
.	 23357
	 23327
	 22659
L	 22573
M	 22505
f	 22184
	 21892
e_	 21632
	 21565
	 21426
	 21248
	 21213
A	 21032
	 20929
	 20496
	 20478
w	 20324
	 20132
	 20099
	 19374
	 19326
I	 19202
	 19198
B	 18538
b	 18538
	 18517
s_	 18338
F	 18199
_	 18146
	 17919
_	 17598
	 17389
_	 17221
R	 17203
,	 17026
	 16994
	 16850
	 16793
	 16784
	 16729
	 16729
	 16717
-_	 16671
r	 16646
	 16530
x	 16304
N	 16232
O	 16094
֮	 16087
	 16078
	 15942
	 15756
P	 15616
_-	 15558
v	 15534
	 15434
	 15397
	 15129
	 15061
	 15040
	 14980
	 14804
	 14764
er	 14688
in	 14687
an	 14659
	 14655
	 14618
	 14368
_-_	 14310
	 14280
	 14273
	 14256
D	 14149
	 14109
	 13994
	 13941
_	 13923
	 13791
|	 13763
on	 13708
._	 13611
	 13502
	 13361
,_	 13359
)	 13295
	 13166
(	 13112
Y	 13059
	 12804
	 12787
	 12763
	 12568
n_	 12554
	 12545
	 12539
	 12518
	 12341
	 11990
	 11987
	 11888
	 11827
	 11771
	 11592
k	 11399
	 11370
	 11366
	 11359
	 11355
K	 11156
_	 11128
	 11106
	 11065
	 11056
	 11026
W	 10905
С	 10900
	 10791
	 10731
	 10698
_	 10660
Q	 10656
^	 10649
	 10617
	 10546
	 10542
	 10540
	 10534
	 10531
	 10466
_	 10316
H	 10272
_	 10191
_	 10164
en	 10143
V	 10131
վ	 10040
he	 9989
_	 9980
	 9961
l	 9912
	 9892
th	 9857
/	 9717
__	 9565
܇	 9535
	 9508
_a	 9417
_t	 9415
	 9406
or	 9386
Ҫ	 9347
	 9339
_	 9318
_	 9238
	 9217
	 9160
ar	 9129
	 9038
	 8993
d_	 8959
	 8926
	 8899
	 8890
	 8775
	 8755
]	 8748
	 8667
	 8656
^	 8631
t_	 8611
g	 8608
	 8605
	 8577
al	 8536
te	 8530
У	 8524
re	 8488
	 8452
)_	 8411
es	 8287
	 8277
	 8277
	 8263
_	 8250
ͬ	 8239
ng	 8236
	 8227
at	 8218
	 8217
_.	 8204
a_	 8179
_	 8152
_	 8129
	 8115
	 8111
	 8085
	 8084
ͬ	 8083
	 8033
	 8019
	 8006
_	 7957
ti	 7932
T	 7917
	 7901
	 7897
	 7885
	 7863
	 7849
ǰ	 7840
	 7833
	 7815
	 7812
	 7795
	 7760
\	 7756
һ	 7751
	 7744
r_	 7738
	 7686
	 7673
_C	 7653
_	 7646
	 7643
_(	 7635
	 7616
|	 7611
	 7587
	 7584
	 7571
һ	 7549
	 7538
ʮ	 7521
	 7508
	 7471
_	 7466
	 7446
is	 7437
	 7423
Z	 7403
{	 7402
E	 7390
	 7374
le	 7366
_	 7365
N	 7363
	 7346
_	 7344
_	 7338
	 7325
	 7280
L	 7277
	 7270
	 7259
