_	 1044243
	 461628
	 277293
	 261208
	 197999
	 166921
	 163070
	 153249
	 149114
	 148069
	 146439
	 141128
	 132193
	 130756
	 118329
	 117492
	 116489
	 115967
	 113545
	 112541
	 111935
	 109337
	 108642
e	 108162
	 104925
	 101402
	 101097
	 100497
	 99689
	 98434
	 97641
	 93506
a	 90924
	 90363
	 88969
	 88747
	 88429
	 87050
	 85288
	 84982
	 84301
o	 83981
S	 83513
	 82489
r	 80792
	 79537
	 78080
	 75926
	 74758
i	 74401
n	 74180
	 69264
t	 68070
	 67052
	 66726
	 66262
s	 63285
	 62764
	 62570
	 62256
	 62021
	 61658
l	 60105
	 58814
S	 58762
	 58732
	 58187
	 57644
	 56718
	 54307
	 54051
_	 53869
_	 53274
	 52166
	 51238
	 49782
	 49025
	 48477
	 46954
	 45898
h	 45565
һ	 44676
	 43381
	 43376
	 43300
	 42851
	 42102
	 41970
c	 41211
	 40916
u	 40808
ͬ	 39014
	 38730
	 38694
	 38272
	 38214
	 38060
	 37967
	 37273
	 36931
	 36280
	 36099
	 35679
	 35630
g	 35158
	 34957
	 33757
	 32056
^	 32029
	 31918
	 31885
	 31579
d	 31479
m	 30539
	 30103
	 28886
_	 28514
	 28426
	 28089
_	 27869
	 27367
	 27366
	 26904
	 26887
	 26529
	 26529
T	 26207
	 26066
	 25759
	 25597
	 25419
p	 25365
-	 25152
	 25146
	 25093
W	 24739
	 24736
C	 24601
y	 24550
	 24425
_	 24357
	 24022
	 23877
	 23613
	 23537
.	 23357
	 23258
	 22633
L	 22573
M	 22505
f	 22184
	 21806
e_	 21646
	 21540
	 21426
	 21248
	 21213
A	 21032
	 20825
	 20472
	 20452
w	 20324
	 20132
	 20055
	 19326
	 19317
I	 19202
	 18572
B	 18538
b	 18538
	 18472
s_	 18338
F	 18199
_	 18136
	 17919
_	 17599
	 17382
R	 17203
,	 17026
	 16960
_	 16930
	 16850
	 16793
	 16784
	 16729
	 16729
-_	 16671
r	 16646
	 16530
x	 16304
N	 16232
O	 16094
֮	 16087
	 16078
	 16017
	 15942
	 15756
P	 15616
v	 15534
_-	 15530
	 15434
	 15397
	 15089
	 15061
	 15040
	 14980
	 14796
	 14735
an	 14698
er	 14688
in	 14687
	 14639
	 14618
	 14368
_-_	 14310
	 14280
	 14273
	 14256
D	 14149
	 14109
	 13994
	 13941
	 13791
|	 13763
_	 13761
on	 13708
._	 13611
	 13497
	 13361
,_	 13360
)	 13295
	 13166
(	 13112
Y	 13059
	 12804
	 12763
	 12650
	 12568
n_	 12562
	 12545
	 12539
	 12518
?	 12460
	 12308
	 11990
	 11959
	 11888
	 11827
	 11592
k	 11399
	 11370
	 11366
	 11359
	 11356
	 11355
K	 11156
	 11106
	 11065
	 11056
	 11026
W	 10905
С	 10900
	 10791
	 10726
	 10698
_	 10661
Q	 10656
^	 10649
	 10617
	 10546
	 10542
	 10540
	 10534
	 10531
	 10466
_	 10285
H	 10272
_	 10191
_	 10147
en	 10143
V	 10131
վ	 10040
he	 9989
_	 9949
	 9922
l	 9912
	 9892
th	 9857
/	 9717
__	 9565
܇	 9535
	 9508
_a	 9411
or	 9386
Ҫ	 9347
	 9339
_	 9318
_t	 9285
_	 9234
	 9216
	 9185
	 9160
ar	 9129
	 9038
	 8993
d_	 8959
	 8926
	 8899
	 8890
	 8775
	 8755
]	 8748
	 8656
^	 8631
t_	 8622
g	 8608
	 8605
	 8578
	 8577
al	 8536
te	 8530
У	 8524
re	 8488
	 8452
)_	 8411
es	 8287
	 8277
	 8277
	 8263
a_	 8247
ͬ	 8239
ng	 8236
	 8227
at	 8225
	 8217
_.	 8188
	 8115
	 8111
	 8084
ͬ	 8083
	 8078
_	 8053
	 8035
_	 8032
	 8019
	 8006
_	 7938
ti	 7932
T	 7917
	 7901
	 7897
	 7885
	 7863
	 7849
ǰ	 7840
	 7833
	 7815
	 7812
	 7795
	 7760
\	 7756
һ	 7750
	 7744
r_	 7738
	 7686
	 7673
	 7643
_C	 7642
_(	 7624
|	 7611
	 7610
	 7587
	 7584
	 7571
һ	 7549
	 7538
ʮ	 7521
	 7508
	 7471
_	 7468
	 7446
is	 7437
	 7423
_	 7410
Z	 7403
{	 7402
E	 7390
	 7374
le	 7366
N	 7363
	 7346
_	 7341
	 7325
	 7280
L	 7277
	 7270
_	 7265
	 7259
	 7222
	 7221
